[header]
width=18
height=8
tilewidth=64
tileheight=64

[tilesets]
tileset=../../img/Tiles/tilesheet.png,64,64,0,0
tileset=../../img/Tiles/mainbasev2.png,64,64,0,0
tileset=../../img/Tiles/shop.png,64,64,0,0
tileset=../../img/Tiles/training.png,64,64,0,0

[layer]
type=Tile Layer 1
data=
18,23,23,23,23,23,23,23,23,23,23,23,23,23,23,23,23,18,
20,1,1,1,1,1,1,1,1,1,1,1,1,1,1,1,1,17,
20,1,1,1,1,1,1,1,1,1,1,1,1,1,1,1,1,17,
20,1,1,1,1,1,1,1,1,1,1,1,1,1,1,1,1,17,
20,1,1,1,1,1,1,1,1,1,1,1,1,1,1,1,1,17,
20,1,1,1,1,1,1,1,1,1,1,1,1,1,1,1,1,17,
20,1,1,1,1,1,1,1,1,1,1,1,1,1,1,1,1,17,
18,14,14,14,14,14,14,14,14,14,14,14,14,14,14,14,14,18

[layer]
type=Tile Layer 2
data=
0,0,7,8,7,8,0,7,8,0,0,7,8,0,0,7,8,0,
0,0,11,12,11,12,0,11,12,0,0,11,12,0,0,11,12,0,
0,7,8,0,49,50,51,52,33,34,35,36,41,42,43,44,0,0,
0,11,12,0,53,54,55,56,37,38,39,40,45,46,47,48,0,0,
0,0,0,0,0,0,0,0,0,0,0,0,0,0,0,0,0,0,
0,7,8,0,0,0,0,0,0,0,0,0,0,0,0,7,8,0,
0,11,12,0,0,0,0,0,0,0,0,0,0,0,0,11,12,0,
0,0,0,0,0,0,0,0,0,0,0,0,0,0,0,0,0,0

