[header]
width=18
height=8
tilewidth=64
tileheight=64

[tilesets]
tileset=../../img/Tiles/tilesheet.png,64,64,0,0

[layer]
type=Tile Layer 1
data=
1,1,1,1,1,1,17,20,1,1,1,1,1,3,3,1,1,1,
1,1,1,1,1,1,17,20,1,1,1,1,1,3,3,1,1,1,
1,1,1,1,1,1,17,20,1,1,1,1,1,3,3,1,1,1,
1,1,1,1,1,1,17,20,1,1,1,1,1,3,3,1,1,1,
1,1,1,1,1,1,17,20,1,1,1,1,1,3,3,1,1,1,
1,1,1,1,1,1,17,20,1,1,1,1,1,3,3,1,1,1,
1,1,1,1,1,1,17,20,1,1,1,1,1,3,3,1,1,1,
1,1,1,1,1,1,17,20,1,1,1,1,1,3,3,1,1,1

[layer]
type=Tile Layer 2
data=
0,0,0,0,0,0,0,0,0,0,0,5,6,0,0,0,0,0,
0,5,6,0,0,0,0,0,0,0,0,9,10,0,0,0,0,0,
0,9,10,0,0,0,0,0,0,0,0,0,0,0,0,0,0,0,
0,0,0,0,0,0,0,0,0,0,0,0,0,0,0,0,0,0,
0,0,0,0,0,0,0,0,0,0,0,0,0,0,0,0,0,0,
0,0,0,0,0,0,0,0,0,0,0,0,0,0,0,0,0,0,
0,0,0,0,7,8,0,0,0,0,0,0,0,0,0,0,5,6,
0,0,0,0,11,12,0,0,0,0,0,0,0,0,0,0,9,10

